40307343
40314860
40314869
40316847
40316846
40316845
40316844
40316843
40316842
40316841
40316840
40316839
40316430
40316248
40292045
40316838
40316837
40316836
40316835
40316834
40316833
40316832
40316831
40316830
40316028
40267381
40316218
40316829
40316828
40316827
40316826
40316825
40316824
40316823
40313249
40316822
40313554
40316621
40313858
40064425
40316821
40316820
40316819
40316818
40316817
40316816
40316815
40313373
40315680
40307216
40316259
40316814
40316813
40316812
40316811
40316809
40293867
40309550
40316808
40303116
40273019
40316497
40297254
40302817
40203108
40316807
40316806
40316805
40316804
40316803
40310180
40307082
40312024
40311197
40310209
40316802
40316801
40316800
40316799
40316798
40316797
40298214
40316796
40316794
40314482
40316353
40316532
40316793
40316789
40316788
40316787
40316786
40316785
40316783
40316782
40316781
40315553
40314614
40311386
40316780
40316777
40316776
40316775
40316774
40316773
40316772
40316771
40316770
40313904
40314937
40316422
40316769
40316768
40316767
40316766
40316765
40316764
40316763
40316762
40316761
40316477
40309226
40257226
40316760
40316759
40316758
40316757
40316756
40316755
40316754
40316753
40316752
40316450
40304634
40316751
40316750
40316749
40316748
40316747
40316746
40316745
40316744
40316743
40316742
40316741
40316740
40316739
40316738
40316737
40316736
40316735
40316734
40316733
40316731
40316730
40316729
40316728
40316727
40316726
40316725
40316724
40232743
40316721
40316720
40316719
40316718
40316717
40308378
40316716
40316715
40316714
40316713
40316712
40316711
40316710
40316709
40316708
40316707
40316706
40316705
40316704
40316703
40316702
40316701
40316700
40310253
40316699
40316698
40308377
40316697
40316696
40316695
40316694
40316693
40316692
40311864
40316691
40316690
40316689
40316688
40316687
40316686
40316685
40316684
40316683
40316682
40316681
40316680
40316679
40304988
40303388
40316678
40301844
40296618
40294825
40282480
40282459
40316677
40271297
40296617
40271215
40178307
40313329
40296614
40272058
40306341
40296611
40288089
40312370
40313221
40288088
40316676
40316675
40288083
40288082
40288079
40288076
40316674
40288075
40288072
40288067
40282280
40282278
40282270
40282268
40282267
40316673
40282265
40282263
40316672
40316671
40316670
40316669
40316668
40316667
40316666
40316665
40316664
40316663
40316662
40316661
40316660
40316659
40316658
40316657
40316656
40316452
40316655
40316654
40316653
40316652
40316651
40316650
40316649
40316648
40316645
40316644
40316643
40316642
40316641
40316640
40316639
40316638
40316637
40316636
40316635
40316634
40316633
40316632
40316631
40316630
40316629
40316628
40316627
40316626
40316625
40299551
40299908
40316624
40316623
40316622
40316621
40316620
40267302
40316619
40281160
40316618
40316617
40316616
40316615
40316614
40316613
40316612
40316611
40316610
40316609
40316608
40316607
40316606
40316605
40316604
40303528
40316603
40310603
40316600
40316598
40316597
40316596
40316595
40316593
40316592
40316591
40316589
40316588
40316587
40316586
40316585
40316584
40316583
40308681
40316582
40316581
40316579
40316577
40316576
40316574
40316572
40309620
40316571
40316570
40316569
40316568
40316567
40316566
40316565
40301200
40316564
40316563
40316562
40316561
40279439
40316560
40316559
40316558
40306270
40316557
40316556
40316555
40316554
40316553
40316552
40316551
40316550
40316549
40316548
40226423
40316547
40316545
40316543
40019737
40316542
40316541
40301015
40316539
40316538
40316536
40316535
40316533
40316532
40316531
40316530
40316529
40316527
40316525
40311658
40316523
40316518
40316516
40316514
40316510
40316507
40316503
40316498
40316497
40316493
40316490
40316479
40316477
40299027
40316471
40316469
40316467
40316465
40316459
40316458
40310514
40307976
40316455
40290743
40316454
40316453
40316451
40316450
40316448
40316447
40316446
40316445
40316443
40316441
40316440
40316438
40316437
40316436
40312260
40316435
40316433
40316432
40316431
40316430
40316429
40316428
40316427
40293866
40306407
40305736
40281126
40316426
40306406
40316424
40316423
40306405
40316422
40301607
40316421
40301605
40316420
40316419
40316418
40301604
40316417
40312466
40301603
40293525
40311737
40308438
40316416
40316415
40316414
40316413
40316412
40316411
40316410
40316409
40316408
40316407
40316406
40316405
40305931
40275414
40316404
40316403
40316402
40316401
40316399
40316390
40316381
40316376
40316369
40289594
40316368
40316367
40316366
40316365
40310943
40316364
40316363
40310688
40316362
40316361
40316360
40302301
40269526
40316359
40316358
40292045
40316357
40260621
40308827
40316356
40302970
40316354
40316353
40316352
40282219
40316351
40316350
40316350
40316349
40316348
40316347
40316346
40316345
40316344
40316343
40316342
40316341
40316340
40316339
40316338
40303022
40312712
40316337
40305259
40316335
40316331
40316328
40316326
40316324
40316320
40316319
40316317
40316316
40316313
40316312
40316310
40316308
40316307
40316306
40316305
40316304
40316303
40316302
40316301
40316300
40316299
40316298
40316297
40316296
40316295
40310201
40316294
40316293
40316292
40316290
40316289
40316288
40294492
40316287
40316285
40316284
40316282
40316279
40316278
40316277
40316275
40316272
40306307
40301330
40316265
40316263
40275007
40307966
40275006
40316261
40316259
40316258
40316255
40316254
40316251
40316248
40316247
40316242
40316233
40316232
40316229
40316228
40316227
40316226
40310295
40316225
40316224
40316223
40316221
40316220
40316219
40316218
40303211
40316217
40316215
40316216
40316214
40316212
40316210
40316209
40309609
40303277
40316208
40309608
40316207
40316206
40316205
40316204
40296168
40316203
40316202
40316201
40316200
40316199
40316198
40316197
40316196
40316195
40316194
40316193
40316192
40316191
40316189
40316188
40316187
40316186
40259002
40316169
40316168
40316167
40316166
40316165
40316164
40297411
40271965
40316154
40252099
40231719
40254024
40252088
40312750
40316100
40257234
40304676
40316099
40316098
40246384
40305587
40271052
40316094
40316089
40316087
40316081
40316080
40316079
40316078
40316077
40316076
40310607
40316074
40316072
40316071
40316069
40316066
40316063
40303032
40316061
40316058
40316057
40316051
40301534
40316040
40316037
40316034
40281788
40299531
40316031
40316030
40316028
40316026
40316023
40316018
40316011
40316009
40311420
40316003
40315996
40307478
40315991
40315988
40315987
40315982
40315979
40277249
40315969
40253844
40315968
40315967
40315965
40315963
40315962
40315961
40315960
40315959
40315958
40304435
40315957
40315956
40315955
40315954
40315953
40315952
40315951
40315950
40315949
40308616
40315948
40315947
40315946
40315945
40315943
40315942
40315941
40315940
40315938
40303962
40315937
40315936
40315934
40315932
40315931
40315928
40315925
40315924
40315923
40315922
40315921
40315920
40315919
40284279
40315917
40315914
40315913
40315912
40315909
40315908
40262974
40295733
40295732
40315906
40289156
40302879
40289155
40315904
40315903
40286447
40287205
40283208
40315902
40283205
40315901
40283204
40315900
40315899
40315898
40278924
40312477
40312480
40310433
40315897
40315895
40306238
40315893
40268976
40285641
40282384
40307070
40305100
40228193
40315879
40315878
40255177
40315867
40315866
40306903
40308375
40303625
40315864
40293639
40305365
40315861
40315860
40315859
40315857
40315856
40315855
40315853
40315852
40306497
40315851
40315849
40315847
40315844
40311500
40315839
40315835
40310394
40239891
40310050
40310218
40315824
40315819
40315814
40315809
40237129
40315796
40315788
40315786
40315782
40315776
40315762
40315760
40315758
40315757
40315756
34708476
40315755
40315754
40305399
40286307
40315753
40315752
40310580
40305740
40315751
40315750
40315749
40315748
40315746
40315745
40315744
40315743
40315742
40315740
40315739
40315738
40315737
40315736
40243084
40315735
40290881
40315733
40315732
40315729
40315723
40315721
40315716
40315712
40315711
40312517
40315708
40315699
40315697
40315695
40315691
40315689
40290316
40315685
40315681
40315680
40315679
40315675
40315670
40315662
40315658
40315654
40315653
40315652
40315648
40315643
40315642
40315640
40315636
40315634
40315633
40315632
40314075
40300649
40315630
40315629
40315628
40315627
40308842
40315625
40315624
40272254
40315623
40315621
40315620
40315619
40315618
40315616
40315615
40315614
40315613
40315612
40315611
40315610
40315609
40315608
40315607
40315606
40315605
40315604
40315603
40315602
40315601
40315600
40315599
40315598
40315597
40315596
40315595
40315594
40315593
40315592
40315589
40315588
40312227
40315586
40315585
40315584
40315583
40315582
40315579
40315568
40261756
40315567
40315566
40312213
40315565
40315564
40315563
40315562
40315561
40315560
40315559
40315558
40315557
40315556
40315554
40315553
40315552
40245532
40130944
40315550
40315549
40315543
40315538
40315537
40315528
40315524
40315522
40282407
40310729
40315516
40315512
40315511
40315510
40315509
40315508
40315505
40315494
40315489
40315488
40315487
40315486
40315485
40315484
40315480
40315479
40315475
40315470
40315468
40315463
40315462
40315461
40315459
40315457
40315456
40315455
40315452
40315451
40315444
40196423
40283875
40315434
40315431
40315427
40315422
40315420
40315419
40315416
40315414
40315412
40315411
40315410
40315409
40297134
40309232
40309253
40309272
40301194
40302153
40301988
40309223
40315405
40315404
40312286
40315403
40315401
40315400
40257343
40315399
40315398
40315397
40315396
40315395
40315393
40315392
40315391
40293521
40309279
40309280
40315389
40315387
40315386
40315384
40315381
40315380
40315379
40315378
40315377
40315376
40315375
40315373
40315371
40315370
40315369
40315368
40315367
30724710
40315363
40294386
40305378
40315360
40315359
40306922
40302270
40302268
40315357
40298110
40315356
40315354
40311848
40315353
40311847
40315352
40311846
40315350
40311845
40303681
40288946
40315349
40315348
40302053
40302052
40302051
40311307
40300505
40312233
40288374
40315346
40288373
40315345
40315344
40315343
40315342
40231906
40315341
40315340
40315339
40315338
40315337
40315335
40315334
40315333
40315332
40315330
40315329
40315328
40315327
40315326
40315325
40315324
40315323
40315322
40315321
40315320
40315319
40306316
40289258
40315318
40315317
40315316
40315315
40315314
40312248
40312310
40300995
40315312
40275090
40315311
40315304
40315302
40304225
40315295
40315290
40315281
40315280
40315279
40297074
40315276
40315275
40315274
40315273
40315272
40315271
40315269
40315268
40315267
40315266
40315260
40315258
40315253
40315249
40315248
40315246
40315245
40315240
40315233
40315232
40315230
40312046
40315227
40315226
40315223
40315221
40315219
40315217
40315215
40315213
40315212
40282735
40315208
40315207
40315206
40315204
40315200
40315198
40315193
40315192
40315191
40312261
40315189
40315185
40315184
40315183
40311059
40315181
40315180
40315179
40315178
40315175
40315174
40306551
40306547
40315170
40315168
40315166
40315161
40315158
40315157
40315152
40315150
40315147
40315146
40315142
40315137
40315134
40315132
40315131
40315129
40315128
40315127
40315126
40315124
40315123
40315122
40315121
40300057
40315120
40312111
40315113
40315112
40297359
40315110
40315109
40315108
40315107
40286674
40306380
40315105
40315104
40315103
40315102
40311676
40311942
40301940
40305116
40315100
40315099
40315098
40315094
40313537
40315092
40315091
40315090
40315089
40315088
40315087
40309018
40315086
40292750
40315085
40315084
40315084
40315082
40315081
40302143
40315079
40315076
40315074
40315072
40315069
40315067
40315066
40315065
40315064
40315063
40315062
40315061
40315060
40315059
40315056
40315051
40315046
40315033
40315032
40315031